0 81.48814356187235
1 79.58809686046747
2 78.86463707736102
3 78.58747203440437
4 78.41273916646084
5 78.18727564165353
6 78.03584546562148
7 78.06199304055886
8 77.89011933815321
9 77.80473628360141
10 77.64035044492557
11 77.56847398270597
12 77.54896951728307
13 77.51329419497954
14 77.4812427158123
15 77.50275389071717
16 77.49683560668842
17 77.44403342413844
18 77.45011680887397
19 77.3734310544428
20 77.29904237381191
21 77.33718335199472
22 77.37768153868598
23 77.40569644903248
24 77.46994981339004
25 77.52223645978096
26 77.5827534147074
27 77.68478416571078
28 77.7150649057581
29 77.81698289437475
30 77.93117990034547
31 78.0161220735046
32 78.0669949705381
33 78.22624220701016
34 78.36330960425848
35 78.49729268899725
36 78.60367978672757
37 78.74496566379796
38 78.86590177542085
39 79.02207855536271
40 79.13085930882065
41 79.26690564314994
42 79.41276464468699
43 79.5242213602961
44 79.65478497351577
45 79.74413877676587
46 79.86618738712951
47 79.98382986216627
48 80.0945644288351
49 80.26131250951207
50 80.36438596267496
51 80.49880056729047
52 80.60511735407536
53 80.72803318879336
54 80.85716345495305
55 80.99857598145698
56 81.10035482878513
57 81.2271651809349
58 81.36523782849154
59 81.51014533110593
60 81.61974453933023
61 81.7647611993541
62 81.88538314456628
63 82.04306846671876
64 82.20916940155183
65 82.36385921764885
66 82.5457271419753
67 82.72397609805039
68 82.91520681797235
69 83.13785657853781
70 83.31660393496645
71 83.49495625331208
72 83.71847718429518
73 83.97752161320166
74 84.20425077935012
75 84.41986632546069
76 84.65988729545796
77 84.90526225030496
78 85.14792269477682
79 85.34240023084772
80 85.57664210128254
81 85.79136068649304
82 86.00256548363653
83 86.2142642167897
84 86.4225527265738
85 86.59957724763221
86 86.78885001968412
87 86.97031659830584
88 87.14940476548634
89 87.33586242526631
90 87.47870989073
91 87.61286719396016
92 87.73598633968813
93 87.81803820748902
94 87.94409118817926
95 87.98818421607025
96 88.05410625344963
97 88.04229356711096
98 88.11911672179107
99 88.11275045791604
100 88.08708767734645
101 88.09418826514185
102 88.01651575716974
103 88.04501924077633
104 87.9944454606163
105 88.00026858557979
106 87.98615639944698
107 87.94977758587159
108 87.81291027968182
109 87.69130227642593
110 87.59097737562894
111 87.48974246185449
112 87.34268915032864
113 87.2485913859596
114 87.08969148903945
115 87.01069731218998
116 86.85773524597775
117 86.68586365766271
118 86.50474032676796
119 86.35126410509243
120 86.2030212556986
121 85.84717276816981
122 85.5948971237923
123 85.42637948767808
124 85.26348127419388
125 85.1892031781896
126 85.0276344998601
127 84.88982350586257
128 84.79399094764811
129 84.64578993025971
130 84.54106749547606
131 84.45813820944082
132 84.35507843098077
133 84.26533737335787
134 84.123497681818
135 84.0240054198428
136 83.91237823576303
137 83.78555431754398
138 83.60238588579283
139 83.55073425116115
140 83.46416785806292
141 83.29211853465179
142 83.16144203452394
143 83.07421805516077
144 82.90911268744888
145 82.83335791454898
146 82.71813613407976
147 82.51517846329718
148 82.39583612542
149 82.2132117042432
150 82.09665485521745
151 81.95245964584956
152 81.82244272730354
153 81.7162646153789
154 81.62448257619215
155 81.3825214480328
156 81.3151896808708
157 81.10990767708098
158 81.02381240605577
159 80.88949889811917
160 80.69956552477058
161 80.54028226309337
162 80.33860430065516
163 80.21163469194173
164 80.04237011271235
165 79.85095921691907
166 79.65017120490633
167 79.48531452666695
168 79.31028470249002
169 79.08758922169788
170 78.96048139154183
171 78.79008054027305
172 78.65066404512238
173 78.439597000936
174 78.25353418515185
175 78.00132772702305
176 77.81069022848028
177 77.6395302348254
178 77.45796929659063
179 77.24063043465708
180 77.01931711566348
181 76.8052625824692
182 76.60308712846498
183 76.39854684337335
184 76.16006925486481
185 75.94263977585933
186 75.76241890886473
187 75.51967786485886
188 75.32909547296902
189 75.15339790927364
190 74.94150405929952
191 74.71150641578058
192 74.54251391126093
193 74.34547493423494
194 74.13566183450985
195 73.9711589595618
196 73.7706310626999
197 73.57322754133614
198 73.41900967757871
199 73.23878209616198
200 73.06616642397748
201 72.89483640148626
202 72.7383964596063
203 72.53381397512493
204 72.36952515056828
205 72.20068075111881
206 72.06835326253325
207 71.92595416438166
208 71.74597740619707
209 71.54816972984602
210 71.39423097114143
211 71.30311571560439
212 71.16654295246016
213 71.02159947753395
214 70.91090932457178
215 70.80973560807118
216 70.6083644173339
217 70.5326582952634
218 70.42533083571253
219 70.31281482470425
220 70.23841401185103
221 70.17003739173065
222 70.03575315896462
223 69.95389900674422
224 69.84964131206029
225 69.73115544980891
226 69.63815034471766
227 69.56997400384114
228 69.47105665929652
229 69.3644000971902
230 69.31178959776828
231 69.21489079813054
232 69.12739283888436
233 69.03944683069709
234 68.99157813887973
235 68.91944346582652
236 68.85114897605092
237 68.74729667997526
238 68.69147346950791
239 68.63210207745865
240 68.52568135675668
241 68.45996830106428
242 68.37527560054674
243 68.30099306516169
244 68.20665262297614
245 68.12717342804518
246 68.0883383604649
247 67.99173343855824
248 67.92106512350637
249 67.86360349714687
250 67.80032796818843
251 67.72298028785889
252 67.65422816749006
253 67.60825008459499
254 67.5405535360823
255 67.47044100206934
256 67.39745345639366
257 67.33517665386202
258 67.26874529907404
259 67.20232817346721
260 67.13879906340668
261 67.10855465370533
262 67.09021233571444
263 67.02569978234584
264 66.97262888627574
265 66.94498550653728
266 66.89020019980413
267 66.85130640351775
268 66.77252310315511
269 66.7307661768875
270 66.72021309636007
271 66.68234190589698
272 66.62679292381529
273 66.57942375031196
274 66.52746104446403
275 66.49482881488085
276 66.44913252861029
277 66.3602209568028
278 66.28924088905626
279 66.1886272697601
280 66.12814433158124
281 66.03558156376424
282 65.97044331727412
283 65.8811529246918
284 65.80812093479113
285 65.73274376013346
286 65.62827338592216
287 65.55101757926825
288 65.49818279838763
289 65.38989207686636
290 65.27881263841942
291 65.22796576096198
292 65.11278479618866
293 65.05119693425216
294 64.99194132776724
295 64.9063081558172
296 64.83061371334291
297 64.74142730663439
298 64.67765374812394
299 64.6007597463032
300 64.54349767025487
301 64.47555277700494
302 64.42973854942504
303 64.35501438220366
304 64.30979542007596
305 64.24576135001804
306 64.16826615371532
307 64.10160328349765
308 64.05032625646868
309 63.99111573911802
310 63.96447977169703
311 63.92175002447014
312 63.916094548664944
313 63.87057307385511
314 63.834695776211234
315 63.751622829522766
316 63.689177402318585
317 63.678267641349365
318 63.65519898543213
319 63.61206537862968
320 63.58919207059951
321 63.55153268421925
322 63.4825111484865
323 63.47739526160467
324 63.41188834963845
325 63.40464636410643
326 63.32683501800772
327 63.29639228522539
328 63.285695682542205
329 63.29079990597528
330 63.27918919262768
331 63.285840759078255
332 63.231614404852984
333 63.24114188590149
334 63.20986109256748
335 63.2144425595299
336 63.21012001755461
337 63.20674656194205
338 63.21390298805438
339 63.231979584307915
340 63.240199436006094
341 63.260157589193064
342 63.28434395218063
343 63.30515125187827
344 63.32424001424407
345 63.32595702826851
346 63.35094114176549
347 63.38871024162287
348 63.41893280172504
349 63.43639084425893
350 63.4654438856049
351 63.47049124318002
352 63.511010726580196
353 63.50692693450979
354 63.54960784935111
355 63.565231466619636
356 63.58553067471599
357 63.59793434237118
358 63.61925140405949
359 63.61162578286825
360 63.630153461709924
361 63.65186971340103
362 63.65252803562551
363 63.675608901549786
364 63.70860014349833
365 63.730158444525074
366 63.75786337503107
367 63.780213199359096
368 63.78588890109505
369 63.79581940304327
370 63.799173822139544
371 63.8382847375833
372 63.83236616862124
373 63.84058834212731
374 63.84488924464886
375 63.803643743091015
376 63.808286679188505
377 63.807579129974606
378 63.77805103463787
379 63.773197470830695
380 63.76199341117997
381 63.71181743504545
382 63.67849635614957
383 63.63427191335038
384 63.58224258897521
385 63.531244995033276
386 63.52061552255237
387 63.4679774912298
388 63.43189695431681
389 63.370856280982714
390 63.3183450230318
391 63.27103389238452
392 63.225230646825935
393 63.16762477122166
394 63.11665920871948
395 63.0648238893007
396 63.03333307734824
397 62.95630083411302
398 62.89473874488108
399 62.84382306518183
400 62.80061985964444
401 62.71838764377488
402 62.63530731064048
403 62.59066942135814
404 62.52664854808428
405 62.42957656080939
406 62.37326160972767
407 62.34869141965215
408 62.29743593925725
409 62.22003316367001
410 62.161381971576745
411 62.11567328606474
412 62.04752409799214
413 61.97924416961715
414 61.96393918992946
415 61.9315869032808
416 61.894354039348656
417 61.822357934983536
418 61.754021359183724
419 61.700429285305745
420 61.64457514991119
421 61.59492696009473
422 61.54492223374297
423 61.47790339076835
424 61.42458940138539
425 61.36469636939284
426 61.325255991769076
427 61.30593726820187
428 61.273428406371266
429 61.22671886683854
430 61.167639784305635
431 61.139371486937335
432 61.07712623277241
433 61.03363927301782
434 60.96161642426009
435 60.914718711854675
436 60.857521655209034
437 60.80499671142809
438 60.763712963622744
439 60.70350897798397
440 60.631188558587986
441 60.57432313465836
442 60.512690136100694
443 60.453513081911844
444 60.41817596605148
445 60.35218386917816
446 60.28465986480504
447 60.22744394755828
448 60.21212141806502
449 60.171842460429964
450 60.100628700975854
451 60.09790047837153
452 60.03587086690599
453 60.031262085813694
454 60.02393221370138
455 60.02072769906973
456 59.999017679553816
457 60.0097702132483
458 60.02504821673879
459 60.05453311953099
460 60.07735197293346
461 60.08823275027622
462 60.117193380802675
463 60.136885998531355
464 60.14206759550345
465 60.16857181026507
466 60.18282235725026
467 60.19101928691536
468 60.21960907886997
469 60.2423856528478
470 60.269952847781724
471 60.27560057216245
472 60.295275236358314
473 60.326398992606016
474 60.36989341352473
475 60.41695159690731
476 60.4296394791357
477 60.47745180428365
478 60.53685286829487
479 60.562690843332085
480 60.58876188030019
481 60.624648238577315
482 60.6598669427227
483 60.69847613307778
484 60.72384156805153
485 60.72720906355081
486 60.76598911679598
487 60.79737216217976
488 60.84718447878299
489 60.869842394888195
490 60.884601196762965
491 60.89629127647734
492 60.87721074050709
493 60.89329868876894
494 60.90025582388124
495 60.914226655758505
496 60.9324480720976
497 60.9004021950794
498 60.86928282515493
499 60.858182133552575
500 60.870405051082706
501 60.88659732514178
502 60.906431629981036
503 60.88310232195595
504 60.84575107976011
505 60.851000899095
506 60.80212468395274
507 60.80502398395258
508 60.812467595034896
509 60.83162782276922
510 60.818654859018366
511 60.80444363858083
512 60.78038816425799
513 60.77388656101231
514 60.72741155742459
515 60.736099620464884
516 60.716656569511024
517 60.7356239024637
518 60.71087671194295
519 60.72517131979953
520 60.71373651027744
521 60.716257137959666
522 60.72096630948312
523 60.705585386690395
524 60.71813081591454
525 60.71871669723823
526 60.713316416153596
527 60.72386579035519
528 60.674496580878795
529 60.675583578308164
530 60.70222042420933
531 60.667314876632965
532 60.65657969959596
533 60.60892189100139
534 60.61321719174055
535 60.59445297918535
536 60.56051096161531
537 60.580992037018376
538 60.56749013485065
539 60.55191272088723
540 60.53561076128433
541 60.537388795394754
542 60.48934879573724
543 60.4670132210955
544 60.453627282575184
545 60.43624889907529
546 60.40533315824437
547 60.398281537732686
548 60.428064007617984
549 60.38254244049453
550 60.38119298821709
551 60.356445140651715
552 60.34317105826787
553 60.35017467344679
554 60.3222948780562
555 60.327654852753895
556 60.315046264186584
557 60.280730479465724
558 60.27599458158499
559 60.26249663067897
560 60.234841425589885
561 60.22396320666924
562 60.23558614274647
563 60.20610887645998
564 60.23941203236335
565 60.19982410054853
566 60.18450854748556
567 60.18655839934086
568 60.167979577337995
569 60.1340788185361
570 60.1343720796198
571 60.12477167560262
572 60.14147415034145
573 60.156401383604695
574 60.132608348156836
575 60.15032166989145
576 60.1264547802491
577 60.1217899967856
578 60.10810497223153
579 60.09419206238229
580 60.09103205680609
581 60.103834892024935
582 60.08317369951521
583 60.06694002871026
584 60.07477823082722
585 60.06296878418857
586 60.076994062012666
587 60.057403427988646
588 60.064136071488086
589 60.07942532717498
590 60.05753352269383
591 60.04191157009834
592 60.04569908447766
593 60.04486364289131
594 60.06580472136543
595 60.05591894090209
596 60.055783233661195
597 60.050995769289365
598 60.03435519041599
599 60.03550821367404
600 60.04586577901594
601 60.035500333290976
602 60.02991774667114
603 60.034396705831625
604 60.03833677807037
605 60.046665246960956
606 60.047695395726706
607 60.07060525959899
608 60.05793623856484
609 60.06047003221764
610 60.069648435761565
611 60.065681098605765
612 60.060256986478315
613 60.07885671036256
614 60.10827249556093
615 60.12792077530114
616 60.13441776951154
617 60.138836500237176
618 60.13912020032359
619 60.17467319776119
620 60.173199841390044
621 60.216586387244135
622 60.24174836843771
623 60.25640322398028
624 60.27972690321866
625 60.287175158322505
626 60.32931743050001
627 60.32299494015649
628 60.34830098445695
629 60.351105309604364
630 60.363216633579356
631 60.399725281868506
632 60.40455522338872
633 60.40497505972251
634 60.423529160866465
635 60.42282448303779
636 60.4239116227827
637 60.4102003074309
638 60.416682925351544
639 60.412514077153006
640 60.401573186121105
641 60.36213888843282
642 60.33629848796174
643 60.308940361991645
644 60.29825832354053
645 60.287124995572036
646 60.274352263370595
647 60.24835185061424
648 60.21026281734406
649 60.16398903426729
650 60.15594556356698
651 60.13037415478279
652 60.095693916824544
653 60.064513158319485
654 60.050527654325805
655 60.030416474437764
656 59.97221916768268
657 59.93457055057911
658 59.8835209449725
659 59.857488344086654
660 59.78537703405024
661 59.731434141566275
662 59.647454127975834
663 59.59961373972435
664 59.57542918980123
665 59.50600484417438
666 59.4336221010672
667 59.370829926567566
668 59.298961518642265
669 59.24481732805509
670 59.19044070163439
671 59.105630836908325
672 59.03148038887426
673 58.99927220201604
674 58.93973887219482
675 58.900662949377235
676 58.837386567455034
677 58.7870550094967
678 58.71847038801944
679 58.66972358142333
680 58.657022261992395
681 58.59804650378223
682 58.53689011448776
683 58.491769043098955
684 58.450216482495755
685 58.42210828980428
686 58.38973568809475
687 58.35225287413811
688 58.34539545666369
689 58.3297615946804
690 58.29798607128072
691 58.28975615488816
692 58.27014794331794
693 58.22604007792395
694 58.20569337971245
695 58.208322892733754
696 58.18598509143412
697 58.17466018855264
698 58.16970762355658
699 58.17469636728842
700 58.165580464824366
701 58.153978430344516
702 58.147624960058224
703 58.12734698688875
704 58.140707065442456
705 58.15014273709445
706 58.17370399944272
707 58.168275130366005
708 58.180809965825645
709 58.18080219002804
710 58.2085541807894
711 58.21767673028442
712 58.24611241577746
713 58.26999864031328
714 58.2966407899429
715 58.28931588552969
716 58.29792821861766
717 58.318840924087084
718 58.35348355509799
719 58.3530167154395